nlower= 3823631, nupper= 3823665, ndiag= 135631 ssize=3959262
***** accel_factor was changed to 1  ***** 
*** ICCG iteration **
       No.       Error
         0   1.00000e+00
         1   2.95181e-01
         2   1.40126e-01
         3   1.06920e-01
         4   7.23929e-02
         5   5.18321e-02
         6   5.03012e-02
         7   4.44153e-02
         8   5.26699e-02
         9   1.49956e-01
        10   1.11173e-01
        11   5.37981e-02
        12   5.22330e-02
        13   2.47281e-02
        14   1.41492e-02
        15   1.85017e-02
        16   7.14731e-03
        17   3.98013e-03
        18   3.51777e-03
        19   1.74902e-03
        20   1.82392e-03
        21   1.87397e-03
        22   1.55627e-03
        23   1.25962e-03
        24   7.92386e-04
        25   5.05923e-04
        26   3.44972e-04
        27   1.83600e-04
        28   9.21531e-05
        29   8.58824e-05
        30   1.27775e-04
        31   1.67557e-04
        32   9.57492e-05
        33   5.07260e-05
        34   2.99441e-05
        35   1.99021e-05
        36   2.66420e-05
        37   1.04282e-04
        38   1.17343e-04
        39   1.71980e-04
        40   4.17141e-05
        41   3.10400e-05
        42   1.75494e-05
        43   2.93843e-05
        44   5.21534e-06
        45   6.86305e-06
        46   4.48306e-06
        47   4.43825e-06
        48   2.58001e-06
        49   2.39871e-06
        50   7.81410e-07
        51   7.20117e-07
        52   1.41687e-06
        53   1.32091e-06
        54   6.11172e-07
        55   9.91296e-07
        56   5.81078e-07
        57   1.74191e-07
        58   2.68977e-07
        59   9.02389e-08
        60   1.10512e-07
        61   5.32561e-08
        62   3.74709e-08
        63   3.48377e-08
        64   4.16063e-08
        65   2.62905e-08
        66   1.19476e-08
        67   1.07286e-08
        68   3.28567e-08
        69   1.23187e-07
        70   1.09039e-07
        71   8.44462e-08
        72   3.06134e-07
        73   1.82722e-07
        74   4.09834e-07
        75   3.10579e-07
        76   2.72429e-07
        77   3.67043e-07
        78   5.48846e-07
        79   2.13275e-06
        80   2.44278e-06
        81   1.96133e-06
        82   4.10736e-06
        82   4.10736e-06
*** ICCG doesn't converge ***
        67   1.07286e-08

**********  EMPY_Solver::EMPY_Solver:1:           4.43770e+01       (sec)
